m = 0.1580;
lcg = 0.2698;
rh = 0.37;
J1 = 0.1314;
Jz_bar = 0.0131;
g = 9.81;
c = 0.1;
k = 0.2;
Eo = 0;
Id = 0.0148;
dtheta1 = 400 * (2*pi/60);